-9999 0 0 0 0  
0.0000 43 131 186
0.0000 48 135 185
0.0062 53 138 184
0.0311 59 142 183
0.0498 64 146 182
0.0746 69 149 182
0.1058 74 153 181
0.1369 79 156 180
0.1680 84 160 179
0.2053 90 164 178
0.2488 95 167 177
0.2924 100 171 176
0.3421 105 175 175
0.3981 110 178 174
0.4603 115 182 174
0.5225 121 186 173
0.5910 126 189 172
0.6594 131 193 171
0.7340 136 196 170
0.8149 141 200 169
0.8958 146 204 168
0.9766 152 207 167
1.0700 157 211 166
1.1757 162 215 166
1.2877 167 218 165
1.3996 172 221 164
1.5241 175 223 165
1.6734 179 224 166
1.8102 182 225 168
1.9533 185 227 169
2.1150 189 228 170
2.2892 192 230 171
2.4945 196 231 172
2.6935 199 232 173
2.9050 202 234 174
3.1352 206 235 175
3.3592 209 236 176
3.6080 213 238 177
3.8941 216 239 178
4.1865 219 241 180
4.4851 223 242 181
4.8086 226 243 182
5.1258 230 245 183
5.5239 233 246 184
5.9345 236 247 185
6.3575 240 249 186
6.8241 243 250 187
7.3217 247 252 188
7.8256 250 253 189
8.3481 253 254 190
8.8955 255 253 189
9.5425 255 250 185
10.1334 255 247 182
10.8675 255 244 178
11.6015 255 240 174
12.3107 255 237 170
13.1194 254 234 166
14.0214 254 230 163
14.9856 254 227 159
15.9809 254 224 155
17.0259 254 221 151
18.1767 254 217 147
19.4084 254 214 144
20.8641 254 211 140
22.2264 254 208 136
23.7816 254 204 132
25.3989 254 201 128
27.1345 254 198 125
28.9074 254 194 121
30.8793 253 191 117
33.0068 253 188 113
35.1778 253 185 109
37.5541 253 181 106
40.0548 253 178 102
42.8168 253 175 98
45.5103 252 169 95
48.7761 250 163 92
51.9549 249 157 89
55.7122 247 151 87
59.8365 246 145 84
64.1163 244 139 81
68.4770 243 133 78
73.9262 241 127 75
79.9292 240 121 73
86.3116 238 115 70
94.4046 236 109 67
102.9207 235 103 64
112.6374 233 97 61
124.4566 232 91 59
137.6133 230 85 56
152.8415 229 79 53
171.9451 227 73 50
193.6427 226 67 48
221.0509 224 61 45
256.5646 223 55 42
305.4652 221 49 39
380.6231 220 43 36
503.5121 218 37 34
755.4050 217 31 31
15548.3864 215 25 28
1000000 255 50 50
